0.000000000000000000e+00 5.733151236332375677e-04 3.537513378898640704e-03
3.157379551346525814e-01 2.936203401118409832e-03 3.473877692638045658e-03
6.314759102693051629e-01 8.246983128038403929e-03 3.101663065597144633e-03
9.472138654039576888e-01 1.553764291526287325e-02 2.490405932453921591e-03
1.262951820538610326e+00 2.347698232567910562e-02 1.753053355985117112e-03
1.578689775673262963e+00 3.061424519199222941e-02 1.024006761470189902e-03
1.894427730807915378e+00 3.564480530052195617e-02 4.350795266599641743e-04
2.210165685942568015e+00 3.764776563510549567e-02 9.154977889732440570e-05
2.525903641077220652e+00 3.625116053141830275e-02 5.368234846942295966e-05
2.841641596211873289e+00 3.167381253527823404e-02 3.400336030199002917e-04
3.157379551346525925e+00 2.472504381918869468e-02 9.073590006383356818e-04
3.473117506481178562e+00 1.672716320472131951e-02 1.633379347434963302e-03
3.788855461615830755e+00 9.187025217563081839e-03 2.384288045741172601e-03
4.104593416750483392e+00 3.523147273026765169e-03 3.020046856937814300e-03
4.420331371885136029e+00 8.002342530474874059e-04 3.421275905757999516e-03
4.736069327019788666e+00 1.527204792191531012e-03 3.514390328327399171e-03
5.051807282154441303e+00 5.565455399908719389e-03 3.283734781988318675e-03
5.367545237289093940e+00 1.215246099466174221e-02 2.772190942899072953e-03
5.683283192423746577e+00 2.004699957123440637e-02 2.077385743337624262e-03
5.999021147558399214e+00 2.775431229459108737e-02 1.330395653729906204e-03
6.314759102693051851e+00 3.381365071849867787e-02 6.688049759458589063e-04
6.630497057827704488e+00 3.710684151357264426e-02 2.147829274856558274e-04
6.946235012962357125e+00 3.702938826902690134e-02 5.446442650957716673e-05
7.261972968097009762e+00 3.359732554330459309e-02 2.237496488811537530e-04
7.577710923231661511e+00 2.749982119846190384e-02 6.824031599524107376e-04
7.893448878366314148e+00 1.991270933983733948e-02 1.332421812854472616e-03
8.209186833500966785e+00 1.223131938257775164e-02 2.061780516328851672e-03
8.524924788635619421e+00 5.854581876605659783e-03 2.734877886693657442e-03
8.840662743770272058e+00 1.949127906866083681e-03 3.233249399213583737e-03
9.156400698904924695e+00 1.229624259012504712e-03 3.457099573092057253e-03
9.472138654039577332e+00 3.813158741578761158e-03 3.364988053817095925e-03
9.787876609174229969e+00 9.204232668640186313e-03 2.978929247382074846e-03
1.010361456430888261e+01 1.640386334138152144e-02 2.372388736566370844e-03
1.041935251944353524e+01 2.405059761606098342e-02 1.658627073345233941e-03
1.073509047457818788e+01 3.070251569240993808e-02 9.734317193274649683e-04
1.105082842971284052e+01 3.513789291267450238e-02 4.438525608896783494e-04
1.136656638484749315e+01 3.655216451722175658e-02 1.636840718252584824e-04
1.168230433998214579e+01 3.469639968081490722e-02 1.813846143125382403e-04
1.199804229511679843e+01 2.996272259452871511e-02 5.131618295378851486e-04
1.231378025025145106e+01 2.327805085799982202e-02 1.069206366897311206e-03
1.262951820538610370e+01 1.586993359709132009e-02 1.749645565517435591e-03
1.294525616052075634e+01 9.106740902802893528e-03 2.424245828210069755e-03
1.326099411565540898e+01 4.248230026587201599e-03 2.971887739729281181e-03
1.357673207079006161e+01 2.191065475221085426e-03 3.292190670683009957e-03
1.389247002592471425e+01 3.304867940945052304e-03 3.326333337008992221e-03
1.420820798105936689e+01 7.371067588996443008e-03 3.073084606904023797e-03
1.452394593619401952e+01 1.361507168683131520e-02 2.575155810243530234e-03
1.483968389132867216e+01 2.083635094048257030e-02 1.924081242954137289e-03
1.515542184646332302e+01 2.767838792540483137e-02 1.235367895201246484e-03
1.547115980159797566e+01 3.284396707948430277e-02 6.545914276144388071e-04
1.578689775673262830e+01 3.536458511958109896e-02 2.937702734591493689e-04
1.610263571186728271e+01 3.480782194979283040e-02 1.968728264471251803e-04
1.641837366700193357e+01 3.132944081755308086e-02 3.883942777777232088e-04
1.673411162213658798e+01 2.558046375981432377e-02 8.288977087497184084e-04
1.704984957727123884e+01 1.861071760620213247e-02 1.435557138790583692e-03
1.736558753240589326e+01 1.170256012790631128e-02 2.085292132227460626e-03
1.768132548754054412e+01 6.142138783001094629e-03 2.677926229942575575e-03
1.799706344267519853e+01 2.966676606132148068e-03 3.096969785620383615e-03
1.831280139780984939e+01 2.760021724418578598e-03 3.255705152770724253e-03
1.862853935294450380e+01 5.545036231486403545e-03 3.125988392492777112e-03
1.894427730807915466e+01 1.077759995534010619e-02 2.729725323620070965e-03
1.926001526321380908e+01 1.744845296888780650e-02 2.144377337503644652e-03
1.957575321834845994e+01 2.428715813920535871e-02 1.499029759096545851e-03
1.989149117348311435e+01 3.002329698471141103e-02 8.999030707869039736e-04
2.020722912861776521e+01 3.360319664186770666e-02 4.553117749267140166e-04
2.052296708375241607e+01 3.434598195961198475e-02 2.485098607293911919e-04
2.083870503888707049e+01 3.213522123751786502e-02 3.202283339742213633e-04
2.115444299402172135e+01 2.744262157260189683e-02 6.483858629658126533e-04
2.147018094915637576e+01 2.114407127156385860e-02 1.165466614122728567e-03
2.178591890429102662e+01 1.440720836851884339e-02 1.773663964137341988e-03
2.210165685942568103e+01 8.483879771328660391e-03 2.372744428714817968e-03
2.241739481456033189e+01 4.475674579038729957e-03 2.839961089590737828e-03
2.273313276969498631e+01 3.116666973938920105e-03 3.083236643577998669e-03
2.304887072482963717e+01 4.637832346341781362e-03 3.061084358373684401e-03
2.336460867996429158e+01 8.729731012436415735e-03 2.784536730510737620e-03
2.368034663509894244e+01 1.460894240810928398e-02 2.306400105994336255e-03
2.399608459023359686e+01 2.116726635425359576e-02 1.718887215134327993e-03
2.431182254536824772e+01 2.717202897974624679e-02 1.136488364371523140e-03
2.462756050050290213e+01 3.151673449180765474e-02 6.404894339302288258e-04
2.494329845563755299e+01 3.341921775196191047e-02 3.468263547567308302e-04
2.525903641077220740e+01 3.254000197360018554e-02 2.831333227385286928e-04
2.557477436590685826e+01 2.899727141508778860e-02 4.797486532402600091e-04
2.589051232104151268e+01 2.346544198129031644e-02 9.146216224806266249e-04
2.620625027617616354e+01 1.700770992604205140e-02 1.501041795331936645e-03
2.652198823131081795e+01 1.085223752692152967e-02 2.112275281476930135e-03
2.683772618644546881e+01 6.145881029886064717e-03 2.635578690180626158e-03
2.715346414158012323e+01 3.756234237914680800e-03 2.977927823233424143e-03
2.746920209671477409e+01 4.111281199648104089e-03 3.074018147730374351e-03
2.778494005184942850e+01 7.120404958303252173e-03 2.905856654239758353e-03
2.810067800698407936e+01 1.219786234081088154e-02 2.511735113680488816e-03
2.841641596211873377e+01 1.838637050311608956e-02 1.974335470580080784e-03
2.873215391725338463e+01 2.452476900013461636e-02 1.384841231066850269e-03
2.904789187238803905e+01 2.944552805435573378e-02 8.362720891938636584e-04
2.936362982752268991e+01 3.220409818231992349e-02 4.394395307810320468e-04
2.967936778265734432e+01 3.226916548269762736e-02 2.749346627230829618e-04
2.999510573779199518e+01 2.959658456260164452e-02 3.850199267753171418e-04
3.031084369292664604e+01 2.470057920576687605e-02 7.408536859915926080e-04
3.062658164806130046e+01 1.857861923506109667e-02 1.284323980322456867e-03
3.094231960319595132e+01 1.240651084277611706e-02 1.901095312992361194e-03
3.125805755833060573e+01 7.361227104038999339e-03 2.459346229178442124e-03
3.157379551346525659e+01 4.392894226164817395e-03 2.857975558629031933e-03
3.188953346859991100e+01 4.055971881847112055e-03 3.028222178803205867e-03
3.220527142373456542e+01 6.410556786510848183e-03 2.934980166251069562e-03
3.252100937886921628e+01 1.099663073153330471e-02 2.593708909737114324e-03
3.283674733400386714e+01 1.693046623294488726e-02 2.081604977073256424e-03
3.315248528913851800e+01 2.309229332731818976e-02 1.503100862551991256e-03
3.346822324427317596e+01 2.832988646317491366e-02 9.617763788366990056e-04
3.378396119940782683e+01 3.169234368245845562e-02 5.555905244284633409e-04
3.409969915454247769e+01 3.256307533322903847e-02 3.430765398535637009e-04
3.441543710967712855e+01 3.074911951231347126e-02 3.885969093902620999e-04
3.473117506481178651e+01 2.656501866542884671e-02 6.899988477401769287e-04
3.504691301994643737e+01 2.082155584072163668e-02 1.183361125287992399e-03
3.536265097508108823e+01 1.463747185451529272e-02 1.753477942853530524e-03
3.567838893021573909e+01 9.172748161692841073e-03 2.308765472394379639e-03
3.599412688535039706e+01 5.462992744303752160e-03 2.738142650778009439e-03
3.630986484048504792e+01 4.183897405316737428e-03 2.967768431236328733e-03
3.662560279561969878e+01 5.553719489786968291e-03 2.955831241442598029e-03
3.694134075075434964e+01 9.293411916736115524e-03 2.705688277440410419e-03
3.725707870588900761e+01 1.467228999781581417e-02 2.265239338936702977e-03
3.757281666102365847e+01 2.065172850341031804e-02 1.718819680575673411e-03
3.788855461615830933e+01 2.609153005418598029e-02 1.173231498407580889e-03
3.820429257129296019e+01 2.997059238358894262e-02 7.261057763492831472e-04
3.852003052642761816e+01 3.155243634584551510e-02 4.517046981557009322e-04
3.883576848156226902e+01 3.055220846559073347e-02 4.061014965374306587e-04
3.915150643669691988e+01 2.718885877436960294e-02 5.989450941497142080e-04
3.946724439183157074e+01 2.214407056266039925e-02 1.003342129222952600e-03
3.978298234696622870e+01 1.638769092530376059e-02 1.518631916854442081e-03
4.009872030210087956e+01 1.099781800304411652e-02 2.050707968168983056e-03
4.041445825723553043e+01 6.978991845712398910e-03 2.501722959310752857e-03
4.073019621237018129e+01 5.078635396189604308e-03 2.783475333309343332e-03
4.104593416750483215e+01 5.646261280311546185e-03 2.844185614019327513e-03
4.136167212263949011e+01 8.548513401385959831e-03 2.673228408370814310e-03
4.167741007777414097e+01 1.321485271950411690e-02 2.310543337468864457e-03
4.199314803290879183e+01 1.874338915231365046e-02 1.827818018267569899e-03
4.230888598804344269e+01 2.406449551929967789e-02 1.323425548668328254e-03
4.262462394317810066e+01 2.819189108706707594e-02 9.084811124024249783e-04
4.294036189831275152e+01 3.041550484464590129e-02 6.515166693891140046e-04
4.325609985344740238e+01 3.044224884609571247e-02 5.917558491222093013e-04
4.357183780858205324e+01 2.835126705433058114e-02 7.100955528436584362e-04
4.388757576371671121e+01 2.454705138711494108e-02 1.006954845957343031e-03
4.420331371885136207e+01 1.969638574528969482e-02 1.419952132159847669e-03
4.451905167398601293e+01 1.473036662460879692e-02 1.898657067846293463e-03
4.483478962912066379e+01 1.061131625784297351e-02 2.344522765988342559e-03
4.515052758425532176e+01 8.174695595269221987e-03 2.676008940714220182e-03
4.546626553938997262e+01 7.928023112945929707e-03 2.818578491590060728e-03
4.578200349452462348e+01 9.936689575596201196e-03 2.736273079192155008e-03
4.609774144965927434e+01 1.380832709464675616e-02 2.440477784206149161e-03
4.641347940479393230e+01 1.874171045391108403e-02 1.990695255289279524e-03
4.672921735992858316e+01 2.377625032787889295e-02 1.486193641711865306e-03
4.704495531506323402e+01 2.791397394240219959e-02 1.024986018693577368e-03
4.736069327019788489e+01 3.035226314233100200e-02 6.980992328240076712e-04
4.767643122533254285e+01 3.069098254431060560e-02 5.626352239596655062e-04
4.799216918046719371e+01 2.888593589507318371e-02 6.302415004175384878e-04
4.830790713560184457e+01 2.527989852449706934e-02 8.887929871325148459e-04
4.862364509073649543e+01 2.056119790982353576e-02 1.288573548570866572e-03
4.893938304587115340e+01 1.562956218769819688e-02 1.753250456981929545e-03
4.925512100100580426e+01 1.144855704672750711e-02 2.206297514929329070e-03
4.957085895614045512e+01 8.810660815874763255e-03 2.543495852934320612e-03
4.988659691127510598e+01 8.204534745250843114e-03 2.705169840471938897e-03
5.020233486640976395e+01 9.739491104712319838e-03 2.660568652199737233e-03
5.051807282154441481e+01 1.311638222813929500e-02 2.420627472046519343e-03
5.083381077667906567e+01 1.768674597217323452e-02 2.032868651723597573e-03
5.114954873181371653e+01 2.256213039619163127e-02 1.569071583906702727e-03
5.146528668694836739e+01 2.679234406774099603e-02 1.128125480076219234e-03
5.178102464208302536e+01 2.958520855941529706e-02 8.082351507211298341e-04
5.209676259721767622e+01 3.046194048846244395e-02 6.736122074679512127e-04
5.241250055235232708e+01 2.936152203795231244e-02 7.463499798823623093e-04
5.272823850748697794e+01 2.660274750836651853e-02 1.009943606741373848e-03
5.304397646262163590e+01 2.277862718491376753e-02 1.357347533394179370e-03
5.335971441775628676e+01 1.858819052285113141e-02 1.730205821811323487e-03
5.367545237289093762e+01 1.476565834505538799e-02 2.091693434555528218e-03
5.399119032802558849e+01 1.200583931588311559e-02 2.392712534643012985e-03
5.430692828316024645e+01 1.082318624175106908e-02 2.575343832638438569e-03
5.462266623829489731e+01 1.145118339389244316e-02 2.602012833453652783e-03
5.493840419342954817e+01 1.377189318552288558e-02 2.445138135338562752e-03
5.525414214856419903e+01 1.734931064799224987e-02 2.149696266101577390e-03
5.556988010369885700e+01 2.151492292744356521e-02 1.763867737794887159e-03
5.588561805883350786e+01 2.546310417817983923e-02 1.365703857213385790e-03
5.620135601396815872e+01 2.842704817584643454e-02 1.027880209848803812e-03
5.651709396910280958e+01 2.982846955036463216e-02 8.137737762903930272e-04
5.683283192423746755e+01 2.937174704609457968e-02 7.722740745364107748e-04
5.714856987937211841e+01 2.713193202936649978e-02 9.289995620045360218e-04
5.746430783450676927e+01 2.358995270398365693e-02 1.255357297939617119e-03
5.778004578964142013e+01 1.945470185006280273e-02 1.670343105064678009e-03
5.809578374477607809e+01 1.554800769581586410e-02 2.088285244488312896e-03
5.841152169991072896e+01 1.265877846393231691e-02 2.435098215630917325e-03
5.872725965504537982e+01 1.138820881206964800e-02 2.640803414111355610e-03
5.904299761018003068e+01 1.201017828808632372e-02 2.672460432191164133e-03
5.935873556531468864e+01 1.442812255469040628e-02 2.527634936979471399e-03
5.967447352044933950e+01 1.819853037038170543e-02 2.236037894800770118e-03
5.999021147558399036e+01 2.263880459249007979e-02 1.845260350878714581e-03
6.030594943071864122e+01 2.693140506597131029e-02 1.376953081719789777e-03
6.062168738585329208e+01 3.019874204140858207e-02 9.763804933332507693e-04
6.093742534098795005e+01 3.176075063130189696e-02 7.254099122715417219e-04
6.125316329612260091e+01 3.125003552441969062e-02 6.834841921634404781e-04
6.156890125125725177e+01 2.874879773454093804e-02 8.630761388272512914e-04
6.188463920639190263e+01 2.482168906001073344e-02 1.185724666536073276e-03
6.220037716152656060e+01 2.028421551613147564e-02 1.620125869767264542e-03
6.251611511666121146e+01 1.604636759720044770e-02 2.079799742572962119e-03
6.283185307179586232e+01 1.294294764704318791e-02 2.458774651642309066e-03
