0.000000000000000000e+00 2.329294494512403751e-02 1.595582888260516910e-03
3.157379551346525814e-01 2.108782177096859417e-02 1.783769116319887686e-03
6.314759102693051629e-01 1.898602108577280081e-02 2.004256430388996844e-03
9.472138654039576888e-01 1.698886833991696682e-02 2.250821457546015470e-03
1.262951820538610326e+00 1.509921738828153524e-02 2.418430956787699041e-03
1.578689775673262963e+00 1.331871757820187775e-02 2.551342911119867333e-03
1.894427730807915378e+00 1.164793224717123633e-02 2.702512346971648691e-03
2.210165685942568015e+00 1.008738830700640042e-02 2.866968819843922905e-03
2.525903641077220652e+00 8.637576407467180764e-03 3.040056891833140505e-03
2.841641596211873289e+00 7.298951090647478809e-03 3.217437959074257153e-03
3.157379551346525925e+00 6.072267403046675144e-03 3.319456254140260194e-03
3.473117506481178562e+00 4.957890617645125536e-03 3.398553411173216906e-03
3.788855461615830755e+00 3.956012940304096809e-03 3.480026038010238833e-03
4.104593416750483392e+00 3.066805704910413599e-03 3.560831157997555122e-03
4.420331371885136029e+00 2.290419813320956725e-03 3.638249247217835696e-03
4.736069327019788666e+00 1.626986126490898021e-03 3.709884808868526944e-03
5.051807282154441303e+00 1.076615806479780044e-03 3.773666874581595686e-03
5.367545237289093940e+00 6.394006090706875860e-04 3.827849434340622851e-03
5.683283192423746577e+00 3.154131267779971279e-04 3.871011796428615488e-03
5.999021147558399214e+00 1.047069820586685001e-04 3.902058878616230034e-03
6.314759102693051851e+00 7.316970580867228753e-06 3.920221431575630910e-03
6.630497057827704488e+00 2.325915444201675063e-05 3.925056195279853603e-03
6.946235012962357125e+00 1.525309052663134679e-04 3.916445988921768429e-03
7.261972968097009762e+00 3.951108971494182893e-04 3.894599734660479044e-03
7.577710923231661511e+00 7.509590494556082733e-04 3.860052415276559335e-03
7.893448878366314148e+00 1.220016419510256377e-03 3.813664965591005186e-03
8.209186833500966785e+00 1.802205045268248651e-03 3.756624097276387974e-03
8.524924788635619421e+00 2.497427738076973651e-03 3.690442056462533375e-03
8.840662743770272058e+00 3.305567825690960190e-03 3.616956313313438292e-03
9.156400698904924695e+00 4.226488845734232246e-03 3.538329182526903961e-03
9.472138654039577332e+00 5.260034189846135577e-03 3.457047373484228771e-03
9.787876609174229969e+00 6.406026698786864738e-03 3.375921468553789127e-03
1.010361456430888261e+01 7.664268208820348288e-03 3.298085327830313322e-03
1.041935251944353524e+01 9.034216363180139903e-03 3.167339952635644766e-03
1.073509047457818788e+01 1.051522686772414159e-02 2.990746603404975581e-03
1.105082842971284052e+01 1.210683503761112931e-02 2.819634669943600711e-03
1.136656638484749315e+01 1.380854003785596251e-02 2.658432064869272783e-03
1.168230433998214579e+01 1.561980472630324947e-02 2.511883034019335870e-03
1.199804229511679843e+01 1.754005548748319154e-02 2.385046291987293759e-03
1.231378025025145106e+01 1.956677798360802190e-02 2.179168231822182101e-03
1.262951820538610370e+01 2.169778217329786790e-02 1.939327566470548008e-03
1.294525616052075634e+01 2.393172418968012027e-02 1.727285806524090630e-03
1.326099411565540898e+01 2.626719525060141475e-02 1.549348365549497661e-03
1.357673207079006161e+01 2.869849568970945369e-02 1.359530847626817113e-03
1.389247002592471425e+01 3.121138360267911374e-02 1.072146945912314788e-03
1.420820798105936689e+01 3.380150938166488067e-02 8.310059310974040421e-04
1.452394593619401952e+01 3.646439395231215741e-02 6.435446494238383991e-04
1.483968389132867216e+01 3.886428777066110174e-02 4.264346966525032665e-04
1.515542184646332302e+01 4.075172703781455158e-02 2.209839595347422791e-04
1.547115980159797566e+01 4.207120957840704972e-02 8.772962204083176662e-05
1.578689775673262830e+01 4.267164001256788797e-02 1.752232540649169921e-05
1.610263571186728271e+01 4.235499443000199926e-02 4.857523698723841180e-06
1.641837366700193357e+01 4.113500579790214939e-02 7.344787044017393545e-05
1.673411162213658798e+01 3.919854167067265971e-02 2.019046582372572185e-04
1.704984957727123884e+01 3.700722832573985488e-02 3.478048220045658204e-04
1.736558753240589326e+01 3.459585904001373502e-02 5.613275706904298371e-04
1.768132548754054412e+01 3.200265415290172444e-02 8.350282304027867222e-04
1.799706344267519853e+01 2.946946733839643159e-02 1.008079551785677095e-03
1.831280139780984939e+01 2.702540798732363386e-02 1.214043560572746578e-03
1.862853935294450380e+01 2.467343158314537141e-02 1.463914264345080518e-03
1.894427730807915466e+01 2.241681815928573893e-02 1.741439292943204858e-03
1.926001526321380908e+01 2.026730269044343252e-02 1.879975408439245408e-03
1.957575321834845994e+01 1.822579508259884740e-02 2.050958902115206615e-03
1.989149117348311435e+01 1.629294591054320993e-02 2.248453446421147094e-03
2.020722912861776521e+01 1.446917952511181035e-02 2.466832695012923914e-03
2.052296708375241607e+01 1.275697002285868312e-02 2.653910781048699884e-03
2.083870503888707049e+01 1.116195709181063908e-02 2.757092091573949862e-03
2.115444299402172135e+01 9.684203914270612945e-03 2.874195520187940427e-03
2.147018094915637576e+01 8.322724733829046234e-03 3.001173320878991989e-03
2.178591890429102662e+01 7.075716355530945086e-03 3.134309897475294222e-03
2.210165685942568103e+01 5.940767501257959195e-03 3.270216468235100267e-03
2.241739481456033189e+01 4.915045747229052769e-03 3.405822759921725562e-03
2.273313276969498631e+01 4.078775743454794017e-03 3.476661289907667998e-03
2.304887072482963717e+01 3.480459239201572595e-03 3.476661289907668432e-03
2.336460867996429158e+01 3.068398036761105403e-03 3.476661289907668432e-03
2.368034663509894244e+01 2.806987533284822055e-03 3.476661289907668432e-03
2.399608459023359686e+01 2.673640265790055027e-03 3.476661289907668432e-03
2.431182254536824772e+01 2.656834216498924102e-03 3.476661289907668432e-03
2.462756050050290213e+01 2.755117240179313573e-03 3.476661289907668432e-03
2.494329845563755299e+01 2.976981589933850106e-03 3.476661289907668432e-03
2.525903641077220740e+01 3.341597699699242960e-03 3.476661289907668432e-03
2.557477436590685826e+01 3.880470626742472170e-03 3.476661289907667131e-03
2.589051232104151268e+01 4.640162280895348407e-03 3.476661289907668432e-03
2.620625027617616354e+01 5.634990553585302910e-03 3.445326502711881962e-03
2.652198823131081795e+01 6.738170554968916232e-03 3.310259451297829694e-03
2.683772618644546881e+01 7.952626649916055834e-03 3.174061516798407177e-03
2.715346414158012323e+01 9.280911980177487114e-03 3.039712941854373976e-03
2.746920209671477409e+01 1.072502794428581950e-02 2.910509654052032078e-03
2.778494005184942850e+01 1.228622131505619289e-02 2.790072279991681527e-03
2.810067800698407936e+01 1.396475904437334895e-02 2.682352436941499302e-03
2.841641596211873377e+01 1.575708947340568808e-02 2.533712737948512223e-03
2.873215391725338463e+01 1.765858884326380190e-02 2.310205275078594956e-03
2.904789187238803905e+01 1.966889244460986660e-02 2.106014736975721138e-03
2.936362982752268991e+01 2.178741859616297946e-02 1.926677846618305746e-03
2.967936778265734432e+01 2.401333599838338662e-02 1.778042017180668857e-03
2.999510573779199518e+01 2.633830066308436718e-02 1.543829098241659417e-03
3.031084369292664604e+01 2.875616742871612425e-02 1.282469632050480587e-03
3.062658164806130046e+01 3.126403772303759654e-02 1.062991152360159971e-03
3.094231960319595132e+01 3.385881326712591316e-02 8.924921115537389491e-04
3.125805755833060573e+01 3.632702620973746882e-02 6.349593601544644556e-04
3.157379551346525659e+01 3.858596298781359624e-02 4.031584505999048058e-04
3.188953346859991100e+01 4.059977588448439312e-02 2.369082190377376029e-04
3.220527142373456542e+01 4.207382546427455849e-02 1.082897401866748981e-04
3.252100937886921628e+01 4.265626692693662292e-02 1.649340410081680358e-05
3.283674733400386714e+01 4.232194198873481805e-02 5.417667653318409110e-06
3.315248528913851800e+01 4.117621343428568698e-02 6.335639474919505041e-05
3.346822324427317596e+01 3.944974716722725316e-02 1.743983344785608757e-04
3.378396119940782683e+01 3.719330468341282281e-02 3.594522437756476310e-04
3.409969915454247769e+01 3.451230387915656117e-02 6.000184944812024176e-04
3.441543710967712855e+01 3.190278119256012568e-02 7.701955102378201965e-04
3.473117506481178651e+01 2.936924798979970164e-02 9.961515452480834698e-04
3.504691301994643737e+01 2.691608844993162789e-02 1.270398829931463237e-03
3.536265097508108823e+01 2.455361155787879474e-02 1.504175264877965004e-03
3.567838893021573909e+01 2.229225249445387219e-02 1.670536412671239221e-03
3.599412688535039706e+01 2.013343733171580469e-02 1.872816445987191426e-03
3.630986484048504792e+01 1.807852747486283010e-02 2.104632133287993867e-03
3.662560279561969878e+01 1.612895920964870639e-02 2.351442397829424814e-03
3.694134075075434964e+01 1.428820569849583930e-02 2.471043090089488411e-03
3.725707870588900761e+01 1.255685048161312746e-02 2.611838018972383133e-03
3.757281666102365847e+01 1.093544057989915066e-02 2.768683945654448059e-03
3.788855461615830933e+01 9.424486663437592338e-03 2.936751539888640770e-03
3.820429257129296019e+01 8.024463210986943970e-03 3.111527280258012760e-03
3.852003052642761816e+01 6.735875263123896478e-03 3.274579794441746447e-03
3.883576848156226902e+01 5.559473565246017199e-03 3.350308116396591342e-03
3.915150643669691988e+01 4.495462118296255152e-03 3.430289201484487942e-03
3.946724439183157074e+01 3.544023782114329342e-03 3.511301797745877262e-03
3.978298234696622870e+01 2.705320742154182501e-03 3.590447738935693533e-03
4.009872030210087956e+01 1.979494927578102914e-03 3.665152560273301358e-03
4.041445825723553043e+01 1.366668380398323871e-03 3.733166040100478929e-03
4.073019621237018129e+01 8.669435753786915340e-04 3.792562669225634300e-03
4.104593416750483215e+01 4.804036904496730362e-04 3.841742049510547558e-03
4.136167212263949011e+01 2.071128274299066467e-04 3.879429223032935213e-03
4.167741007777414097e+01 4.711618288665497204e-05 3.904674932934007730e-03
4.199314803290879183e+01 4.401690061132248504e-07 3.916855816835461586e-03
4.230888598804344269e+01 6.709248438266315776e-05 3.915674533484692250e-03
4.262462394317810066e+01 2.470621346739752464e-04 3.901159823061056773e-03
4.294036189831275152e+01 5.403194031064859505e-04 3.873666501349758585e-03
4.325609985344740238e+01 9.468157708533472394e-04 3.833875387763321062e-03
4.357183780858205324e+01 1.466483787344593365e-03 3.782793166964287020e-03
4.388757576371671121e+01 2.099236890607133164e-03 3.721752183616385164e-03
4.420331371885136207e+01 2.844969177770374953e-03 3.652410169565577756e-03
4.451905167398601293e+01 3.703555125911983832e-03 3.576749902526927486e-03
4.483478962912066379e+01 4.674849263457556137e-03 3.497078795128457252e-03
4.515052758425532176e+01 5.758685792388034894e-03 3.416028412939409436e-03
4.546626553938997262e+01 6.954878161549578677e-03 3.336553919887326816e-03
4.578200349452462348e+01 8.263195924125929515e-03 3.257557369802693576e-03
4.609774144965927434e+01 9.682807911035255788e-03 3.080421467972384222e-03
4.641347940479393230e+01 1.121326934160834544e-02 2.906514308283435471e-03
4.672921735992858316e+01 1.285409936818301610e-02 2.740087942279154434e-03
4.704495531506323402e+01 1.460478092432716292e-02 2.585711696782186722e-03
4.736069327019788489e+01 1.646476056373227109e-02 2.448270382038715120e-03
4.767643122533254285e+01 1.843310181927183128e-02 2.313453876551215330e-03
4.799216918046719371e+01 2.050642064053984776e-02 2.061897574282282788e-03
4.830790713560184457e+01 2.268340953856293890e-02 1.834837896996060081e-03
4.862364509073649543e+01 2.496269564731095486e-02 1.638417902212650811e-03
4.893938304587115340e+01 2.734284158946218013e-02 1.479071770699669870e-03
4.925512100100580426e+01 2.981049669348123307e-02 1.218873520689240514e-03
4.957085895614045512e+01 3.235776190455115497e-02 9.526026135774624771e-04
4.988659691127510598e+01 3.498023000906927416e-02 7.359292572674867947e-04
5.020233486640976395e+01 3.762397735480924044e-02 5.625634723012207846e-04
5.051807282154441481e+01 3.979141429270025010e-02 3.217806700824650729e-04
5.083381077667906567e+01 4.141879150065054527e-02 1.493086985117608983e-04
5.114954873181371653e+01 4.245826549497107305e-02 5.187617020718750580e-05
5.146528668694836739e+01 4.263102926113770952e-02 1.444846462235389716e-06
5.178102464208302536e+01 4.188837075417246869e-02 2.688306030293162056e-05
5.209676259721767622e+01 4.026233474368641485e-02 1.326163379460080431e-04
5.241250055235232708e+01 3.820288851286073040e-02 2.611558486056818210e-04
5.272823850748697794e+01 3.590439004004597479e-02 4.394832183355720681e-04
5.304397646262163590e+01 3.340330340122762975e-02 6.820636581159356679e-04
5.335971441775628676e+01 3.082329487809634672e-02 9.186793373526126868e-04
5.367545237289093762e+01 2.833074854065908976e-02 1.098368224263119100e-03
5.399119032802558849e+01 2.592872742804493147e-02 1.325781435364196351e-03
5.430692828316024645e+01 2.362009609666639032e-02 1.593863164287173543e-03
5.462266623829489731e+01 2.141270626580523556e-02 1.801836753812670073e-03
5.493840419342954817e+01 1.931287423719573945e-02 1.956376584641260005e-03
5.525414214856419903e+01 1.732138509016343739e-02 2.140574657923906016e-03
5.556988010369885700e+01 1.543878008575669605e-02 2.348637223292727397e-03
5.588561805883350786e+01 1.366538903188826808e-02 2.575081611181633413e-03
5.620135601396815872e+01 1.200720901466506216e-02 2.700423225216843411e-03
5.651709396910280958e+01 1.046641540104439883e-02 2.810751174589672368e-03
5.683283192423746755e+01 9.042550648614717385e-03 2.933081161997792494e-03
5.714856987937211841e+01 7.734218340543821610e-03 3.063519536851164009e-03
5.746430783450676927e+01 6.539304535530934825e-03 3.198502799356913763e-03
5.778004578964142013e+01 5.455176735961572883e-03 3.334790763236926588e-03
5.809578374477607809e+01 4.478860551728447957e-03 3.469457142305148144e-03
5.841152169991072896e+01 3.763753610649183887e-03 3.476661289907668432e-03
5.872725965504537982e+01 3.259581913985144623e-03 3.476661289907667998e-03
5.904299761018003068e+01 2.922781950003371272e-03 3.476661289907668432e-03
5.935873556531468864e+01 2.724252146204531044e-03 3.476661289907668432e-03
5.967447352044933950e+01 2.646838315841610993e-03 3.476661289907668432e-03
5.999021147558399036e+01 2.683851431486806906e-03 3.476661289907668432e-03
6.030594943071864122e+01 2.838489652236220358e-03 3.476661289907667998e-03
6.062168738585329208e+01 3.124114664175276293e-03 3.476661289907669299e-03
6.093742534098795005e+01 3.565406211607679860e-03 3.476661289907667998e-03
6.125316329612260091e+01 4.200494577592611689e-03 3.476661289907668432e-03
6.156890125125725177e+01 5.084255273123874409e-03 3.476661289907668432e-03
6.188463920639190263e+01 6.128607133253640218e-03 3.382457131907746616e-03
6.220037716152656060e+01 7.282697966109485249e-03 3.246603283679956511e-03
6.251611511666121146e+01 8.549299612117807617e-03 3.110957103382647193e-03
6.283185307179586232e+01 9.930732076238129799e-03 2.978643141843645339e-03
