0.000000000000000000e+00 8.578513280183238873e-03 1.595582888260516910e-03
3.157379551346525814e-01 7.263458289440524046e-03 1.704463681624540259e-03
6.314759102693051629e-01 6.055664335778983276e-03 1.819171071990733756e-03
9.472138654039576888e-01 4.955893085595674055e-03 1.936061897670381159e-03
1.262951820538610326e+00 3.964838083350867917e-03 2.051801993505007228e-03
1.578689775673262963e+00 3.083124314200813391e-03 2.163368807529570271e-03
1.894427730807915378e+00 2.311307809865778898e-03 2.268053772108861998e-03
2.210165685942568015e+00 1.649931500961815314e-03 2.352889244131176581e-03
2.525903641077220652e+00 1.099548466861517432e-03 2.387918356876897984e-03
2.841641596211873289e+00 6.603319554365715514e-04 2.418857491105421472e-03
3.157379551346525925e+00 3.324200928999534554e-04 2.444282415646031360e-03
3.473117506481178562e+00 1.159159273932005543e-04 2.463088967562392182e-03
3.788855461615830755e+00 1.088746160616331664e-05 2.474493484656001014e-03
4.104593416750483392e+00 1.736767435084394899e-05 2.478033112173379671e-03
4.420331371885136029e+00 1.353545310375776727e-04 2.473565983857149014e-03
4.736069327019788666e+00 3.648109830284584649e-04 2.461271277423889101e-03
5.051807282154441303e+00 7.056649558695579291e-04 2.441649144494203658e-03
5.367545237289093940e+00 1.157809326430131285e-03 2.415520514942877395e-03
5.683283192423746577e+00 1.721101889003656335e-03 2.384026775579575850e-03
5.999021147558399214e+00 2.395365310452183920e-03 2.348629323013277665e-03
6.314759102693051851e+00 3.179983017988070176e-03 2.256320189881481659e-03
6.630497057827704488e+00 4.074436913269285573e-03 2.150706199808966306e-03
6.946235012962357125e+00 5.078162930319440188e-03 2.038509001284395748e-03
7.261972968097009762e+00 6.190528093309567367e-03 1.922473774548762648e-03
7.577710923231661511e+00 7.410830915729209670e-03 1.805659421222257418e-03
7.893448878366314148e+00 8.738301842762124377e-03 1.691436164543186956e-03
8.209186833500966785e+00 1.017210373658763989e-02 1.583482904272995448e-03
8.524924788635619421e+00 1.171133240430161267e-02 1.485784328017408134e-03
8.840662743770272058e+00 1.335123937587144594e-02 1.333731281994446783e-03
9.156400698904924695e+00 1.508623059957150438e-02 1.134848313855899102e-03
9.472138654039577332e+00 1.691329697677450977e-02 9.514808937505806960e-04
9.787876609174229969e+00 1.882927174520949293e-02 7.888267145779730323e-04
1.010361456430888261e+01 2.083083630001492798e-02 6.523344856607047595e-04
1.041935251944353524e+01 2.278058964002332293e-02 4.996107159551971960e-04
1.073509047457818788e+01 2.446817507940306918e-02 3.191835940339802190e-04
1.105082842971284052e+01 2.584394107411251695e-02 1.782275496218517334e-04
1.136656638484749315e+01 2.686742037529592925e-02 8.218698674704598590e-05
1.168230433998214579e+01 2.745123077000603470e-02 2.584419933369706222e-05
1.199804229511679843e+01 2.744644517483344273e-02 1.718383176727812169e-09
1.231378025025145106e+01 2.685333157872207832e-02 2.668940607478704821e-05
1.262951820538610370e+01 2.569744835801124686e-02 1.047599337777010135e-04
1.294525616052075634e+01 2.415788703895563327e-02 2.082238133353739599e-04
1.326099411565540898e+01 2.248136847518499015e-02 3.198017867085066446e-04
1.357673207079006161e+01 2.069445417643455548e-02 4.711910190147381708e-04
1.389247002592471425e+01 1.882542147933494864e-02 6.568260619278879506e-04
1.420820798105936689e+01 1.690604793276019591e-02 8.684958689328693953e-04
1.452394593619401952e+01 1.508099067757520499e-02 9.803161121102554974e-04
1.483968389132867216e+01 1.335240078513401374e-02 1.115507741140386866e-03
1.515542184646332302e+01 1.172227030850306502e-02 1.268955366415085119e-03
1.547115980159797566e+01 1.019243769152080106e-02 1.435817828940318336e-03
1.578689775673262830e+01 8.764593020400873041e-03 1.611535065102551916e-03
1.610263571186728271e+01 7.441372789153320733e-03 1.757971078894558304e-03
1.641837366700193357e+01 6.226003461296220759e-03 1.835973084385433178e-03
1.673411162213658798e+01 5.118731676050984787e-03 1.919625183042999918e-03
1.704984957727123884e+01 4.119717930600040774e-03 2.005636815618576027e-03
1.736558753240589326e+01 3.229054515424066140e-03 2.091024563509949561e-03
1.768132548754054412e+01 2.446781713720177012e-03 2.173112468079476268e-03
1.799706344267519853e+01 1.772902251569198010e-03 2.249532109579161551e-03
1.831280139780984939e+01 1.207393991116102131e-03 2.318222513228012597e-03
1.862853935294450380e+01 7.502208631967714498e-04 2.377429942246126089e-03
1.894427730807915466e+01 4.013420387585601165e-04 2.425707629888368931e-03
1.926001526321380908e+01 1.607193402553151653e-04 2.461915494753648490e-03
1.957575321834845994e+01 2.832289512389981804e-05 2.485219875884192315e-03
1.989149117348311435e+01 4.135033643173572691e-06 2.495093316418395268e-03
2.020722912861776521e+01 8.815243311187681314e-05 2.491314416822891422e-03
2.052296708375241607e+01 2.803865095325465623e-04 2.473967771003204082e-03
2.083870503888707049e+01 5.808620570276713455e-04 2.443443990874469719e-03
2.115444299402172135e+01 9.896141342147241754e-04 2.400439817259679507e-03
2.147018094915637576e+01 1.506683195901406622e-03 2.345958307267372988e-03
2.178591890429102662e+01 2.132108467904447573e-03 2.281309080578656622e-03
2.210165685942568103e+01 2.865919562718080224e-03 2.208108599341040632e-03
2.241739481456033189e+01 3.708126334335678023e-03 2.128280448621415813e-03
2.273313276969498631e+01 4.658706971934270351e-03 2.044055576613315606e-03
2.304887072482963717e+01 5.717594334541081791e-03 1.957972446028075682e-03
2.336460867996429158e+01 6.884660532387972161e-03 1.872877040333980735e-03
2.368034663509894244e+01 8.159699765596530041e-03 1.791922660754970750e-03
2.399608459023359686e+01 9.541444106328608732e-03 1.691821693375841588e-03
2.431182254536824772e+01 1.102588531428179246e-02 1.513544472268507851e-03
2.462756050050290213e+01 1.261139797585859000e-02 1.342176056284367621e-03
2.494329845563755299e+01 1.429621060696735502e-02 1.182148782988720788e-03
2.525903641077220740e+01 1.607840048361003013e-02 1.038178967603113362e-03
2.557477436590685826e+01 1.795588829857479307e-02 9.152602972352604817e-04
2.589051232104151268e+01 1.985138964305469683e-02 7.493774905544393732e-04
2.620625027617616354e+01 2.167798370902164484e-02 5.504085980831834079e-04
2.652198823131081795e+01 2.340677922082837897e-02 3.830257625676672145e-04
2.683772618644546881e+01 2.501040138692727649e-02 2.529893169414325306e-04
2.715346414158012323e+01 2.640409885259632772e-02 1.556844854944877470e-04
2.746920209671477409e+01 2.725441269355825466e-02 5.551571955511763100e-05
2.778494005184942850e+01 2.752473064708473374e-02 5.494902569651805410e-06
2.810067800698407936e+01 2.720336939513198771e-02 7.772432370766651014e-06
2.841641596211873377e+01 2.634832437756121776e-02 5.485565973367446539e-05
2.873215391725338463e+01 2.512615643343545785e-02 1.293184981055004877e-04
2.904789187238803905e+01 2.357280959651492092e-02 2.507291541361889920e-04
2.936362982752268991e+01 2.173398125369396805e-02 4.142012707543157239e-04
2.967936778265734432e+01 1.969617543796447351e-02 6.011210239120201842e-04
2.999510573779199518e+01 1.774244065594272890e-02 7.239744722169445335e-04
3.031084369292664604e+01 1.587615984657880785e-02 8.754748879102260302e-04
3.062658164806130046e+01 1.410056677564146786e-02 1.050067817665616653e-03
3.094231960319595132e+01 1.241874009531327566e-02 1.242444711378001745e-03
3.125805755833060573e+01 1.083366725769457570e-02 1.446145789592250116e-03
3.157379551346525659e+01 9.353597187050043810e-03 1.537725216281302099e-03
3.188953346859991100e+01 7.979463254203969513e-03 1.641421939482619633e-03
3.220527142373456542e+01 6.712132023886645260e-03 1.753118410057146782e-03
3.252100937886921628e+01 5.552402708256024694e-03 1.869001501618303661e-03
3.283674733400386714e+01 4.501006662893681023e-03 1.985565505271447411e-03
3.315248528913851800e+01 3.558606925592874230e-03 2.099614881603246649e-03
3.346822324427317596e+01 2.725797798229616375e-03 2.208266768100256537e-03
3.378396119940782683e+01 2.003104471980392178e-03 2.308953240337772994e-03
3.409969915454247769e+01 1.391137787852102323e-03 2.367647062840703195e-03
3.441543710967712855e+01 8.902424661925142447e-04 2.400948080122904376e-03
3.473117506481178651e+01 5.005761119600442895e-04 2.429506210963671559e-03
3.504691301994643737e+01 2.222612293304528129e-04 2.452039703753339499e-03
3.536265097508108823e+01 5.538526040827870703e-05 2.467587071874252896e-03
3.567838893021573909e+01 6.129338308175109464e-10 2.475507470178704185e-03
3.599412688535039706e+01 5.612467691920751595e-05 2.475480945739897375e-03
3.630986484048504792e+01 2.237398301734643219e-04 2.467508562990654731e-03
3.662560279561969878e+01 5.027934327036948916e-04 2.451912403307155569e-03
3.694134075075434964e+01 8.931978100054367275e-04 2.429335439037532806e-03
3.725707870588900761e+01 1.394830225282459903e-03 2.400741281917613459e-03
3.757281666102365847e+01 2.007532840662639567e-03 2.367413805758770105e-03
3.788855461615830933e+01 2.730957904747262355e-03 2.308316903909544797e-03
3.820429257129296019e+01 3.564495515764350055e-03 2.207569851350846962e-03
3.852003052642761816e+01 4.507620023136607590e-03 2.098873370514920626e-03
3.883576848156226902e+01 5.559736667929096599e-03 1.984797481034709411e-03
3.915150643669691988e+01 6.720181957919743945e-03 1.868227126452345205e-03
3.946724439183157074e+01 7.988224086014853592e-03 1.752359911392467997e-03
3.978298234696622870e+01 9.363063391745777772e-03 1.640703592516317994e-03
4.009872030210087956e+01 1.084383286555566477e-02 1.537073324916527839e-03
4.041445825723553043e+01 1.242959869555833319e-02 1.445588665774484843e-03
4.073019621237018129e+01 1.411205834712785795e-02 1.241121573835904986e-03
4.104593416750483215e+01 1.588826447665642530e-02 1.048845547295184722e-03
4.136167212263949011e+01 1.775513738203127884e-02 8.743878986353301186e-04
4.167741007777414097e+01 1.970944228609075241e-02 7.230588506067315907e-04
4.199314803290879183e+01 2.174779527882948066e-02 6.004144518705891928e-04
4.230888598804344269e+01 2.358492772815252991e-02 4.129885356666249726e-04
4.262462394317810066e+01 2.513623360818215829e-02 2.497747811320426455e-04
4.294036189831275152e+01 2.635607564874695163e-02 1.286606922689737041e-04
4.325609985344740238e+01 2.720857830793963275e-02 5.452415964304927013e-05
4.357183780858205324e+01 2.752599133580290597e-02 7.581729886471225571e-06
4.388757576371671121e+01 2.725169505291630961e-02 5.657987712070879057e-06
4.420331371885136207e+01 2.639754379939021622e-02 5.602768308352148633e-05
4.451905167398601293e+01 2.500031475380309898e-02 1.565254206700625284e-04
4.483478962912066379e+01 2.339574504382053652e-02 2.537335651801724836e-04
4.515052758425532176e+01 2.166617926769084240e-02 3.840427911980037810e-04
4.546626553938997262e+01 1.983900419596812403e-02 5.516613383042663849e-04
4.578200349452462348e+01 1.794312008945364578e-02 7.508260073602519586e-04
4.609774144965927434e+01 1.606625584049477251e-02 9.160148106804220317e-04
4.641347940479393230e+01 1.428470406615517038e-02 1.039095789483599885e-03
4.672921735992858316e+01 1.260054301238150605e-02 1.183193547736885063e-03
4.704495531506323402e+01 1.101569437791594108e-02 1.343316210876724500e-03
4.736069327019788489e+01 9.531928656594126567e-03 1.514749322671501844e-03
4.767643122533254285e+01 8.150870305506239394e-03 1.693062447166193566e-03
4.799216918046719371e+01 6.876547658641367355e-03 1.792459375482269995e-03
4.830790713560184457e+01 5.710199764220920057e-03 1.873455806653573363e-03
4.862364509073649543e+01 4.652031831318768212e-03 1.958570987392439268e-03
4.893938304587115340e+01 3.702171279832264326e-03 2.044653657711688506e-03
4.925512100100580426e+01 2.860684890269241196e-03 2.128859877698886533e-03
4.957085895614045512e+01 2.127594210772741287e-03 2.208653228852490435e-03
4.988659691127510598e+01 1.502889210779062481e-03 2.281804806634036599e-03
5.020233486640976395e+01 9.865401756319956521e-04 2.346393068273291537e-03
5.051807282154441481e+01 5.785078400543629002e-04 2.400803592110710254e-03
5.083381077667906567e+01 2.787517607800848052e-04 2.443728796995964930e-03
5.114954873181371653e+01 8.723693005005707249e-05 2.474167662495805383e-03
5.146528668694836739e+01 3.938632247483958683e-06 2.491425482907388359e-03
5.178102464208302536e+01 2.884554586723281954e-05 2.495113680328166390e-03
5.209676259721767622e+01 1.619610924530964649e-04 2.485149694301092178e-03
5.241250055235232708e+01 4.033030332699956292e-04 2.461756957831910415e-03
5.272823850748697794e+01 7.529013134781900683e-04 2.425464961859840913e-03
5.304397646262163590e+01 1.210794152616400700e-03 2.377109402548891436e-03
5.335971441775628676e+01 1.777022379453331233e-03 2.317832398049111172e-03
5.367545237289093762e+01 2.451622008905618086e-03 2.249082753650817872e-03
5.399119032802558849e+01 3.234615058918369895e-03 2.172616246516724178e-03
5.430692828316024645e+01 4.125998606136199905e-03 2.090495893426049228e-03
5.462266623829489731e+01 5.125732081032364010e-03 2.005092157203014480e-03
5.493840419342954817e+01 6.233722806085638043e-03 1.919083039735279767e-03
5.525414214856419903e+01 7.449809784772444890e-03 1.835454001726299477e-03
5.556988010369885700e+01 8.773745754747680481e-03 1.757497641585002799e-03
5.588561805883350786e+01 1.020227492512067700e-02 1.610388143744646101e-03
5.620135601396815872e+01 1.173278147002551272e-02 1.434711035576922240e-03
5.651709396910280958e+01 1.336357433718958140e-02 1.267917758667323107e-03
5.683283192423746755e+01 1.509281408247115444e-02 1.114570272130133806e-03
5.714856987937211841e+01 1.691850761706387846e-02 9.795115873981246821e-04
5.746430783450676927e+01 1.883850279749175322e-02 8.678588995822651220e-04
5.778004578964142013e+01 2.070713166393507720e-02 6.555218704056510384e-04
5.809578374477607809e+01 2.249344758948371853e-02 4.700873804982268938e-04
5.841152169991072896e+01 2.416918250003684959e-02 3.189378470935131044e-04
5.872725965504537982e+01 2.570778708136527840e-02 2.076357919440748121e-04
5.904299761018003068e+01 2.686013219622058329e-02 1.040854807901548035e-04
5.935873556531468864e+01 2.744943683075700552e-02 2.634292996780924828e-05
5.967447352044933950e+01 2.745030631659275272e-02 5.672264322554251635e-11
5.999021147558399036e+01 2.686264102726297620e-02 2.618936599026662989e-05
6.030594943071864122e+01 2.583669599658705573e-02 8.266672898535992167e-05
6.062168738585329208e+01 2.445868876265676339e-02 1.790225695418101520e-04
6.093742534098795005e+01 2.276915257740490944e-02 3.202632249122841024e-04
6.125316329612260091e+01 2.081779644841938795e-02 5.009361640472355425e-04
6.156890125125725177e+01 1.881676202837725270e-02 6.531496642991571362e-04
6.188463920639190263e+01 1.690133960334551377e-02 7.898384325432611461e-04
6.220037716152656060e+01 1.507484683684088937e-02 9.526529487547914310e-04
6.251611511666121146e+01 1.334044951076309576e-02 1.136146051601534665e-03
6.283185307179586232e+01 1.170115570608918840e-02 1.335121670886069449e-03
