0.000000000000000000e+00 3.878048181343405774e-05 5.148938165003786932e-04
3.157379551346525814e-01 1.545102887485688475e-04 5.073131573965307178e-04
6.314759102693051629e-01 3.453640900085875199e-04 4.924033774065206216e-04
9.472138654039576888e-01 6.083314687454995963e-04 4.706630667766013008e-04
1.262951820538610326e+00 9.392641082768988245e-04 4.428289676514991129e-04
1.578689775673262963e+00 1.332940829677390498e-03 4.098628033805080473e-04
1.894427730807915378e+00 1.783149475944173761e-03 3.729340495442598122e-04
2.210165685942568015e+00 2.282784376730187352e-03 3.333989246025932142e-04
2.525903641077220652e+00 2.823957885355852637e-03 2.927759393675218123e-04
2.841641596211873289e+00 3.398124260123089498e-03 2.527184005396334449e-04
3.157379551346525925e+00 3.996213968222329764e-03 2.149843134327472725e-04
3.473117506481178562e+00 4.608776325743645791e-03 1.814041719634982913e-04
3.788855461615830755e+00 5.168706601485160632e-03 1.322216762358595929e-04
4.104593416750483392e+00 5.643737012012976784e-03 8.602287574666764498e-05
4.420331371885136029e+00 6.013442933665492929e-03 4.831621290143970590e-05
4.736069327019788666e+00 6.261925704756848149e-03 2.072264666384891250e-05
5.051807282154441303e+00 6.378496671533781699e-03 4.428422932247766024e-06
5.367545237289093940e+00 6.358137412981947068e-03 1.340503348962117131e-07
5.683283192423746577e+00 6.201716290380488231e-03 8.024153199770321760e-06
5.999021147558399214e+00 5.915951933614916301e-03 2.775950105271290014e-05
6.314759102693051851e+00 5.529424848179693812e-03 5.254219165086298495e-05
6.630497057827704488e+00 5.077536823142828754e-03 7.927731237210971225e-05
6.946235012962357125e+00 4.573585165853591081e-03 1.148320236979747359e-04
7.261972968097009762e+00 4.032400366198511839e-03 1.575696934493854334e-04
7.577710923231661511e+00 3.469909665108374380e-03 2.056723163109442937e-04
7.893448878366314148e+00 2.902668273211561623e-03 2.571981444651658360e-04
8.209186833500966785e+00 2.347372040573785998e-03 3.101427122666916038e-04
8.524924788635619421e+00 1.820365928942603182e-03 3.625014300778665942e-04
8.840662743770272058e+00 1.337162765352774025e-03 4.123318779998432328e-04
9.156400698904924695e+00 9.119864563361440492e-04 4.578139411034382370e-04
9.472138654039577332e+00 5.573531239398764976e-04 4.973059935696820099e-04
9.787876609174229969e+00 2.837025093034175704e-04 5.293954579469808963e-04
1.010361456430888261e+01 9.909050947147943710e-05 5.529422340099604495e-04
1.041935251944353524e+01 8.951912039001558486e-06 5.671137044913459593e-04
1.073509047457818788e+01 1.594032327600800343e-05 5.714102759634704515e-04
1.105082842971284052e+01 1.198500096640024671e-04 5.656806949504470609e-04
1.136656638484749315e+01 3.176219575342744458e-04 5.501266836245605630e-04
1.168230433998214579e+01 6.034339721231394811e-04 5.252967571850640722e-04
1.199804229511679843e+01 9.688721592664190259e-04 4.920694068396181276e-04
1.231378025025145106e+01 1.403178733405023495e-03 4.516261486925820124e-04
1.262951820538610370e+01 1.893568845489750465e-03 4.054152404359147289e-04
1.294525616052075634e+01 2.425607090237722439e-03 3.551071456208466123e-04
1.326099411565540898e+01 2.983632594069404731e-03 3.025430712467313404e-04
1.357673207079006161e+01 3.551220154809743915e-03 2.496781111671756478e-04
1.389247002592471425e+01 4.111663844002208176e-03 1.985206892714974256e-04
1.420820798105936689e+01 4.648468823617066259e-03 1.510701077805830174e-04
1.452394593619401952e+01 5.145836890301644026e-03 1.092540640091980557e-04
1.483968389132867216e+01 5.589131448938541510e-03 7.486800187774336496e-05
1.515542184646332302e+01 5.965308227330228322e-03 4.951811221802149889e-05
1.547115980159797566e+01 6.233169468491246007e-03 2.422834803499870790e-05
1.578689775673262830e+01 6.370354278625261699e-03 6.150526098067264831e-06
1.610263571186728271e+01 6.370971185670386630e-03 1.230343651430455260e-10
1.641837366700193357e+01 6.235000626124816148e-03 6.041571268299574650e-06
1.673411162213658798e+01 5.968294965135656147e-03 2.401513608644624965e-05
1.704984957727123884e+01 5.582326103484786146e-03 5.314811516644917183e-05
1.736558753240589326e+01 5.093691599474092779e-03 9.218808874526453364e-05
1.768132548754054412e+01 4.523400604646891920e-03 1.394567877273906011e-04
1.799706344267519853e+01 3.912091171141145879e-03 1.859156034595787327e-04
1.831280139780984939e+01 3.316609945307333156e-03 2.202244798072136112e-04
1.862853935294450380e+01 2.746365908381279662e-03 2.584258614820414174e-04
1.894427730807915466e+01 2.210366218220377165e-03 2.986967802075180456e-04
1.926001526321380908e+01 1.717074565845912735e-03 3.392914390957160330e-04
1.957575321834845994e+01 1.274278174039970152e-03 3.785731666462228040e-04
1.989149117348311435e+01 8.889655037861459623e-04 4.150441861038651125e-04
2.020722912861776521e+01 5.672165652574974373e-04 4.473727175470759276e-04
2.052296708375241607e+01 3.141075324062089563e-04 4.744169740671481950e-04
2.083870503888707049e+01 1.336311370508876692e-04 4.952456642189946448e-04
2.115444299402172135e+01 2.863407309680758559e-05 5.091546697756008100e-04
2.147018094915637576e+01 7.723778740686474698e-07 5.156796298103579531e-04
2.178591890429102662e+01 5.048547950296598103e-05 5.146042282967360024e-04
2.210165685942568103e+01 1.769893108561353839e-04 5.059640517242096824e-04
2.241739481456033189e+01 3.782885963841396172e-04 4.900459546073211844e-04
2.273313276969498631e+01 6.512081221868978777e-04 4.673829431049816613e-04
2.304887072482963717e+01 9.914425066509862869e-04 4.387446591490742160e-04
2.336460867996429158e+01 1.393623703097337380e-03 4.051236183870267154e-04
2.368034663509894244e+01 1.851405191462647364e-03 3.677174237728915505e-04
2.399608459023359686e+01 2.357561557182315248e-03 3.279072417315960605e-04
2.431182254536824772e+01 2.904101916051832558e-03 2.872328884581651690e-04
2.462756050050290213e+01 3.482395427548717892e-03 2.473649291508812605e-04
2.494329845563755299e+01 4.083306949210957319e-03 2.100742419478211071e-04
2.525903641077220740e+01 4.697340724135694486e-03 1.771995402668605278e-04
2.557477436590685826e+01 5.247243846505771254e-03 1.253778132077083959e-04
2.589051232104151268e+01 5.709019062786646614e-03 8.021843630282534028e-05
2.620625027617616354e+01 6.062811284644687576e-03 4.381390923612188122e-05
2.652198823131081795e+01 6.293405739479289614e-03 1.772922036181546072e-05
2.683772618644546881e+01 6.390882642787296987e-03 3.085753747036124043e-06
2.715346414158012323e+01 6.351044387402042003e-03 5.130524872451062683e-07
2.746920209671477409e+01 6.175596813819387090e-03 1.012172203219395561e-05
2.778494005184942850e+01 5.872076689399674011e-03 3.149864179842108513e-05
2.810067800698407936e+01 5.475196715105027159e-03 5.577505573063744478e-05
2.841641596211873377e+01 5.014653347052313095e-03 8.388651295138170420e-05
2.873215391725338463e+01 4.503998746876308572e-03 1.206085281629991433e-04
2.904789187238803905e+01 3.958260809845027747e-03 1.642737770599789074e-04
2.936362982752268991e+01 3.393500913423470357e-03 2.130412281086275226e-04
2.967936778265734432e+01 2.826341178238310839e-03 2.649544199244080966e-04
2.999510573779199518e+01 2.273475159542989125e-03 3.180028837495742352e-04
3.031084369292664604e+01 1.751176379436159263e-03 3.701848746673151573e-04
3.062658164806130046e+01 1.274819177426760302e-03 4.195695385007342459e-04
3.094231960319595132e+01 8.584259972332307885e-04 4.643566600261201001e-04
3.125805755833060573e+01 5.142544513535687910e-04 5.029322116276906205e-04
3.157379551346525659e+01 2.524363346883060208e-04 5.339180476638622028e-04
3.188953346859991100e+01 8.067922875899420101e-05 5.562142648757473912e-04
3.220527142373456542e+01 4.039493925692639083e-06 5.690329679735457421e-04
3.252100937886921628e+01 2.477334288819196242e-05 5.719224356185373262e-04
3.283674733400386714e+01 1.422703868005515543e-04 5.647809678075478308e-04
3.315248528913851800e+01 3.530716135598649104e-04 5.478600027140732723e-04
3.346822324427317596e+01 6.509712681300250988e-04 5.217564102675791970e-04
3.378396119940782683e+01 1.027199630734146676e-03 4.873941917212757258e-04
3.409969915454247769e+01 1.470681303533700069e-03 4.459961296491435703e-04
3.441543710967712855e+01 1.968361390506318323e-03 3.990462319060451629e-04
3.473117506481178651e+01 2.505589954400109631e-03 3.482440872376937890e-04
3.504691301994643737e+01 3.066553417954693498e-03 2.954524913354393241e-04
3.536265097508108823e+01 3.634740194673205527e-03 2.426399030672816591e-04
3.567838893021573909e+01 4.193426828003063780e-03 1.918194454425291089e-04
3.599412688535039706e+01 4.726170316397249570e-03 1.449862700078565923e-04
3.630986484048504792e+01 5.217292122939731422e-03 1.040551537501945207e-04
3.662560279561969878e+01 5.652339617075284248e-03 7.080019270837880881e-05
3.694134075075434964e+01 6.018511364887145498e-03 4.679839651395874668e-05
3.725707870588900761e+01 6.268915385457368185e-03 2.101972923944617924e-05
3.757281666102365847e+01 6.387290819260829644e-03 4.560490555622125732e-06
3.788855461615830933e+01 6.368554990428381898e-03 1.133552161854355110e-07
3.820429257129296019e+01 6.213520378273511627e-03 7.869524652028638033e-06
3.852003052642761816e+01 5.928858864290239596e-03 2.749554541891540186e-05
3.883576848156226902e+01 5.526814115909464004e-03 5.814767791428861963e-05
3.915150643669691988e+01 5.024674548371932739e-03 9.850819996803448077e-05
3.946724439183157074e+01 4.444029587311753432e-03 1.468420813988628032e-04
3.978298234696622870e+01 3.833707726269197126e-03 1.905870692938496668e-04
4.009872030210087956e+01 3.240529532385111929e-03 2.256238627933728706e-04
4.041445825723553043e+01 2.673867125777065323e-03 2.643009889879852298e-04
4.073019621237018129e+01 2.142670684302331111e-03 3.048020451882905144e-04
4.104593416750483215e+01 1.655327711246811070e-03 3.453923566254018737e-04
4.136167212263949011e+01 1.219531243806002340e-03 3.844506948990363644e-04
4.167741007777414097e+01 8.421590489038164196e-04 4.204987414995700764e-04
4.199314803290879183e+01 5.291656795873521651e-04 4.522278188632673193e-04
4.230888598804344269e+01 2.854890637313512412e-04 4.785224564258815159e-04
4.262462394317810066e+01 1.149730701924216300e-04 4.984804108810828851e-04
4.294036189831275152e+01 2.030724932552942040e-05 5.114288175121168905e-04
4.325609985344740238e+01 2.984678667028005660e-06 5.169362121448840830e-04
4.357183780858205324e+01 6.327856459786822686e-05 5.148202299909098150e-04
4.388757576371671121e+01 2.002379611151931024e-04 5.051508573719964241e-04
4.420331371885136207e+01 4.117026717796604465e-04 4.882491839629987587e-04
4.451905167398601293e+01 6.943371048618728232e-04 4.646816756448415527e-04
4.483478962912066379e+01 1.043682559089873993e-03 4.352500602043725018e-04
4.515052758425532176e+01 1.454227132560034557e-03 4.009769888333454915e-04
4.546626553938997262e+01 1.919492174569333021e-03 3.630877045691779047e-04
4.578200349452462348e+01 2.432133943447743925e-03 3.229880134260697364e-04
4.609774144965927434e+01 2.984058896784340734e-03 2.822389139805531102e-04
4.641347940479393230e+01 3.566550827344414261e-03 2.425282956627748004e-04
4.672921735992858316e+01 4.170407871735832064e-03 2.056401641082248016e-04
4.704495531506323402e+01 4.778468163225683962e-03 1.704300937707801012e-04
4.736069327019788489e+01 5.318700364351891530e-03 1.191715348057194052e-04
4.767643122533254285e+01 5.767878469328615622e-03 7.500628826807346724e-05
4.799216918046719371e+01 6.106688663135999978e-03 3.983291841860290189e-05
4.830790713560184457e+01 6.320560037404427886e-03 1.516349338463916968e-05
4.862364509073649543e+01 6.400291606948252734e-03 2.058558988549825140e-06
4.893938304587115340e+01 6.342448613413367506e-03 1.081516723705999986e-06
4.925512100100580426e+01 6.149511006390105325e-03 1.227437014659497423e-05
4.957085895614045512e+01 5.829767638707137115e-03 3.515588578500441173e-05
4.988659691127510598e+01 5.423518042934906067e-03 5.895066609847462563e-05
5.020233486640976395e+01 4.955215130663689731e-03 8.831014364663824460e-05
5.051807282154441481e+01 4.438639547007831691e-03 1.260819483627701246e-04
5.083381077667906567e+01 3.888993569987520601e-03 1.705713428104345029e-04
5.114954873181371653e+01 3.322453717455577972e-03 2.199170839750488405e-04
5.146528668694836739e+01 2.755694610255786815e-03 2.721502661938460200e-04
5.178102464208302536e+01 2.205398110337117822e-03 3.252560766509440056e-04
5.209676259721767622e+01 1.687762190347945942e-03 3.772366174837475422e-04
5.241250055235232708e+01 1.218024002822229272e-03 4.261729190172673957e-04
5.272823850748697794e+01 8.100112018608717889e-04 4.702842945539831049e-04
5.304397646262163590e+01 4.757347402499997619e-04 5.079832677327760990e-04
5.335971441775628676e+01 2.250351445733121463e-04 5.379244363502480976e-04
5.367545237289093762e+01 6.529269597364711930e-05 5.590458177850092915e-04
5.399119032802558849e+01 1.210061224950724832e-06 5.706014454238237006e-04
5.430692828316024645e+01 3.467378326368081450e-05 5.721842461293200456e-04
5.462266623829489731e+01 1.646987153742209215e-04 5.637385181075265424e-04
5.493840419342954817e+01 3.874570375324227134e-04 5.455616379762660709e-04
5.525414214856419903e+01 6.963909992806563420e-04 5.182949462535574791e-04
5.556988010369885700e+01 1.082406064672746925e-03 4.829040824047188822e-04
5.588561805883350786e+01 1.534138764271780623e-03 4.406493544895753235e-04
5.620135601396815872e+01 2.038291356969880973e-03 3.930470250561212331e-04
5.651709396910280958e+01 2.580023435584812442e-03 3.418226654650168938e-04
5.683283192423746755e+01 3.143388932896651854e-03 2.888579673028468194e-04
5.714856987937211841e+01 3.711805648483983405e-03 2.361325949611875301e-04
5.746430783450676927e+01 4.268543460747635000e-03 1.856628120477673931e-04
5.778004578964142013e+01 4.797216840935608455e-03 1.394387116644748301e-04
5.809578374477607809e+01 5.282267162769051921e-03 9.936192385784933887e-05
5.841152169991072896e+01 5.709420605818082972e-03 6.718566144239124368e-05
5.872725965504537982e+01 6.066108173843945926e-03 4.445889827220770197e-05
5.904299761018003068e+01 6.300124358974869623e-03 1.824132840049548447e-05
5.935873556531468864e+01 6.400949390657333267e-03 3.296768545800770194e-06
5.967447352044933950e+01 6.364255239860590677e-03 4.344846331546661859e-07
5.999021147558399036e+01 6.191626463875001332e-03 9.777538927436612716e-06
6.030594943071864122e+01 5.890491259731907292e-03 3.092425574253080111e-05
6.062168738585329208e+01 5.473801342491233651e-03 6.296552299019680834e-05
6.093742534098795005e+01 4.959474486212027411e-03 1.045239056418070464e-04
6.125316329612260091e+01 4.369623756130166722e-03 1.538128864570837871e-04
6.156890125125725177e+01 3.760437949500860903e-03 1.950310609107203390e-04
6.188463920639190263e+01 3.169618700595868560e-03 2.307080074415305605e-04
6.220037716152656060e+01 2.606500427424207015e-03 2.697905244615485753e-04
6.251611511666121146e+01 2.079976959152267900e-03 3.104690789528911118e-04
6.283185307179586232e+01 1.598361703564437145e-03 3.510200852111195293e-04
